37665
37465
37654
9239
9253
37642
537
37640
37638
1721
9252
12969
37691
12981
13132
11005
9204
10995
41699
41702
9989
37450
41710
1736
13017
9201
37426
37424
9188
13073
1761
37401
37399
41722
37389
1771
9172
37349
37340
41753
1777
37331
41755
1779
10975
37318
37312
1785
37306
37297
37296
10932
526
37287
629
440
846
12337
11155
38610
1364
38632
9487
38643
1362
38645
38651
11169
38658
12324
38698
41169
38700
38709
637
38712
38713
12321
11170
41161
38736
41149
38752
12314
638
38763
41123
38772
41110
38775
41093
38793
1334
38796
12301
41092
38818
38829
38841
9509
38859
9910
12291
12283
1323
38869
1320
12278
12276
38914
1319
1314
12268
41057
1302
38980
38985
41054
38988
38998
39007
1296
39024
39025
12238
12232
39042
12227
39059
39071
12204
12203
1263
39079
39083
39094
11199
1259
39101
39106
9547
1258
12187
12186
641
39125
41022
9909
39131
12180
9897
39136
11209
12133
1248
9562
1230
12119
12090
39193
39204
39211
9584
9592
39234
39237
39242
662
670
12077
39254
40987
40978
12060
9888
12047
40970
39283
39284
12024
39311
39315
39326
1199
11215
39348
12012
1195
40948
9619
39360
39365
11216
11998
39378
685
686
11967
11219
39403
11966
40905
39423
11964
39451
39455
39466
39467
39482
1164
40899
39485
9882
40892
11936
11930
11921
11224
39543
39549
11909
11904
39578
39591
39600
1141
9642
11888
1106
689
39652
39654
11882
11879
11872
40865
40857
40854
39681
39689
1103
39707
1095
39717
39718
9645
40847
40834
39746
11845
11835
11834
40829
9662
39786
40824
1070
39795
39803
11254
11265
9664
39832
40801
39835
697
40790
11792
11790
1059
39859
1048
39864
1042
40782
707
11779
40770
40760
11774
39899
719
731
39915
39916
11750
1018
39939
39954
735
11743
11274
39984
11739
11735
11732
39992
9682
40726
40725
1004
40009
40011
40012
11727
40020
11720
964
9700
11700
9869
11693
40081
40719
9718
9725
40115
40716
40122
40125
11683
40133
11671
11296
9732
11645
40152
11634
40171
40696
40693
40177
40691
40206
11300
40215
40220
11620
9838
11589
40225
927
11588
40234
751
40247
760
9791
11560
9792
40309
40642
11345
40615
11512
40341
40342
11498
40611
11494
40606
11482
40393
11470
804
40406
40576
40410
40550
11453
11375
40536
11440
11431
11430
40440
11409
11376
40453
830
40455
40472
852
11380
40481
11407
849
40485
9833
842
40497
40502
40522
40515
41951
40506
20427
13553
36798
36797
41955
10847
36780
10845
20456
10072
41975
41979
1969
20413
414
1979
36733
13568
10841
36721
13575
412
36713
36708
10836
10875
7043
36678
36674
42003
42005
7045
10077
383
36644
36641
1985
381
10876
13601
7049
10877
10795
36613
46756
36612
36608
10785
13603
1999
36594
36588
13608
13617
13627
42033
36580
20489
20499
2032
36571
36570
42034
36547
36542
36541
36520
36513
10042
13637
2040
10902
36492
46752
2043
36480
36479
13638
48259
46776
9004
36448
36446
36445
36429
13644
20519
2053
2061
20523
13654
42049
42050
42061
368
13660
7025
42094
36393
13663
20350
13666
42097
13690
8993
10081
20325
36379
10778
10773
10956
10085
42140
36369
10009
36363
13729
42145
2099
9994
42158
2100
9993
36323
10088
20295
36320
2104
8970
2110
36304
20567
13743
10721
36279
10109
36255
2146
36252
8949
10709
36210
36196
20592
13751
36186
36184
20595
42177
20262
13753
13768
42181
8942
13776
36167
9985
36166
42185
10706
42198
2192
36146
13782
36125
344
10700
36114
20631
36113
13784
13789
8936
13801
36086
13803
48293
20656
2213
42228
36051
2232
13831
36020
42254
11053
36011
341
2236
13838
20684
13861
20686
42263
326
13893
13896
13899
8934
13926
35946
10116
46797
2260
11060
35931
2265
35913
10693
318
42272
35902
7088
35901
2273
13975
35898
13983
8925
35851
35846
35838
42278
8920
35826
14001
9939
48413
35811
35809
48296
10686
35808
11077
14003
35795
35783
42284
35769
2281
14008
48298
2291
14009
14011
8912
20169
35723
11093
35717
20165
14012
46805
48389
35710
35701
35700
14020
35698
11096
35680
2300
35668
42297
35666
35665
14025
42303
6958
10684
35649
35647
10678
42335
35632
42340
35624
14046
35607
20785
46810
14069
35586
35583
42350
10652
46811
10643
2351
46812
10134
304
20789
35562
20790
35553
2365
14082
35530
14085
10135
14095
14101
11123
14108
42372
35496
8860
10621
42376
20121
10146
2387
10616
35485
14142
14148
20802
14156
10607
14166
35465
35438
14168
6934
35432
35409
20832
2396
35382
14172
2397
273
35378
10605
14189
42405
10147
10153
2405
35366
14202
10166
35362
35361
14209
35351
14218
35334
14234
240
35328
14242
10585
8848
2420
14251
35294
42454
35292
10569
8838
14273
35244
239
14276
8835
14282
35209
42478
48873
35207
35203
14291
35200
14303
42485
14335
8833
226
14354
42510
20856
8829
14373
42519
42529
42542
14382
8815
14401
35121
14402
14405
10565
2461
42564
14407
8814
10173
205
35077
35075
35072
14446
2506
46705
35056
2507
9924
11176
35050
35034
35032
35031
42619
35023
10560
48872
2511
10551
20071
14457
10174
34999
34992
11182
34991
34982
34979
34969
2513
14479
2540
34951
10189
10526
42643
2545
20035
2577
34939
42649
14510
20032
34930
14517
14520
10525
196
42665
34895
2584
48212
20909
10504
34856
34854
8788
10497
11190
14557
7141
34847
34836
42678
14560
2604
2619
10495
2625
8779
42689
14578
34792
166
34783
34779
10490
20939
34761
42707
34753
10487
42729
34743
10485
42752
14594
14595
34736
10191
8773
9889
20963
6850
14636
34706
2658
42755
2665
34650
11212
34645
48864
20004
14647
42761
19985
14665
34608
34606
34605
46845
34603
34601
10195
19958
34591
161
6847
8740
46848
10462
19950
42796
2705
42797
34559
14701
2711
34544
42813
2712
19944
10460
34524
14704
34507
34506
34500
2731
34494
8719
6836
14717
10212
8711
21008
8709
135
34434
42841
34425
2748
34416
14781
2757
42843
2759
19931
42848
34337
10439
2761
9874
2767
34331
11234
34330
34329
14801
2774
8689
21015
8677
14826
11245
10216
42886
34300
2795
34282
46856
19912
8646
34273
34271
42889
14853
34257
21030
9871
34253
34245
6812
10225
14873
14875
2797
34212
14882
10427
14915
21069
14926
34181
10424
19911
42915
10412
10231
34153
10407
48190
19888
34135
14952
2845
2857
10255
34114
11266
14965
93
76
42941
10258
14988
2870
34061
68
19867
34047
15016
15024
34010
34009
34004
33999
33992
33987
33982
15033
52
33972
15035
21141
8621
33963
15039
33936
8618
19840
42957
33929
7184
15077
15083
2893
33901
33882
42961
15084
46662
33867
42962
19805
33862
2900
10396
33833
10392
15103
19783
33818
8612
33805
33803
33801
33792
9864
33790
33784
33782
33775
15122
10390
46873
33753
33750
33746
42985
15147
10261
15154
10383
43
7188
42994
2920
33709
10269
33696
2935
43000
19775
10347
33692
43009
15159
11318
11333
33656
33647
10333
33637
15163
11340
15166
15168
33601
33590
33573
33572
17
8579
21196
33554
11349
33542
43034
21206
33538
33531
43050
33505
33504
15220
19753
2979
8553
15242
19744
43053
33451
43070
33448
33447
10331
8538
43087
15284
10325
33417
33404
43097
33396
2997
43099
10324
43106
10307
11389
15295
19719
10881
47558
46890
11393
19707
19699
19692
46895
19642
19632
19608
19580
19569
11451
11458
11463
9826
11475
19523
11496
48151
9794
48149
11519
19483
48144
48143
19447
19434
9741
11623
19390
11624
46927
7267
11638
19357
19331
11685
11690
9702
19306
11704
7302
19290
7308
19249
46948
19216
11752
11757
9670
7339
19157
11784
11785
7356
11795
19117
9667
48829
7362
46965
46966
19088
11818
19073
9646
48087
11856
19045
19044
11871
19026
19024
19007
19004
11899
18983
46986
9641
9637
7381
18958
46993
46994
11974
9634
7389
18887
18879
18872
48060
18850
47005
12038
18807
48056
9597
12066
18800
18788
7426
7435
7446
12080
18739
12179
7462
18685
18680
47026
12191
12205
12215
9527
18584
12260
47039
18579
18559
18557
18550
18546
18532
12306
7490
18493
18482
9497
7506
18467
12318
18455
18420
18382
12326
12330
12353
12369
7555
18305
18296
12378
18294
9458
47997
47088
12416
48496
18211
12480
12511
7641
18173
18139
48502
9391
12576
18127
47111
18117
18086
18083
12589
18072
47954
18070
18042
18039
12654
7688
48513
48777
9351
17990
7705
47947
17978
17968
12707
7741
17899
12713
17896
7756
9347
9345
17883
12820
47162
17841
17814
9287
9283
12860
9255
12867
17779
17753
17708
17704
17695
12919
12928
47184
7830
9208
17626
9206
17615
47191
17612
7837
17595
13083
47898
13092
7841
13102
48539
13115
13121
9169
47890
7846
9163
47204
17538
13140
7847
17502
7859
13176
13178
13186
17481
13211
13216
17453
17448
13239
9104
13262
17439
13280
17405
17393
13327
17379
9084
13372
17353
17312
13378
13386
13393
13457
47848
17212
9056
13511
13532
9038
13549
47245
13561
13565
9031
17168
17147
17139
17134
47252
17133
13586
13588
9021
13595
47258
17091
17084
17075
47264
17054
47822
47268
13632
48737
13648
13650
7939
16957
13655
16956
7957
16951
9002
16939
13694
13710
48570
13723
13740
16894
16889
8967
13745
48573
16879
16857
47792
16803
8945
47786
47785
13781
8008
47309
16756
13814
16728
48579
13834
8037
16710
16704
13863
8054
13928
8091
13946
16655
16612
16584
8112
14004
8114
14015
8909
8131
14027
14031
14033
16532
16521
14054
16500
16495
47363
16494
16487
8872
16469
47733
16431
16426
14127
47374
16424
16419
8153
47379
16350
16345
8178
8180
16321
14201
8191
16283
8192
8194
8842
47707
16229
8834
14352
16199
14361
47406
16178
8234
16168
8247
14422
14425
8272
16117
14447
47419
47420
14492
16098
8306
16095
16060
14524
16059
47672
14529
16045
16038
14564
14567
8335
14579
14580
8777
14582
15988
48682
14587
15954
14602
8770
8745
14662
14669
15886
47463
8416
14691
8737
8435
8723
15814
14723
14767
14775
8708
14788
15773
8704
8683
8663
15732
14846
47491
14854
15712
8635
15700
14939
14946
15699
14948
8449
48666
14974
14980
8631
8627
15004
15642
15636
15075
15583
15094
15561
47588
8472
15508
8601
15490
15485
15483
47581
15470
15448
47537
15155
15416
15170
15191
15195
15376
8567
15249
47550
8550
15269
15290
15322
15306
8524
8526
15299
6780
26775
21245
21246
21259
21336
21339
46635
21359
46629
21367
21391
21393
21427
6748
46612
21456
46608
6806
21483
6728
21488
21506
21507
21510
21513
46598
21518
21521
6710
21535
21549
6708
21598
21604
21609
6666
21646
6663
6661
21701
21707
6655
21718
21730
6651
21757
21766
6626
21784
6620
21813
6584
6574
6562
21848
46546
6555
21862
21867
6543
6524
6506
21943
21949
48962
21953
21981
6504
22005
46515
22025
6489
46507
6486
22061
6453
6433
22148
6421
22162
6409
22168
22171
22235
22236
22238
22245
48975
6403
22285
22292
22316
6398
46468
6382
22333
6349
22395
6336
22415
7027
22416
22423
22434
7030
6307
22482
22497
6210
48994
22570
48995
48996
22600
22604
22623
22640
22650
22660
6193
22683
22716
48999
6184
22780
46395
22812
46389
7053
22820
6169
22852
22856
22878
22885
22890
6160
6147
6115
7056
22930
6107
22942
46361
6074
22997
6061
23037
7072
23049
6059
23082
23106
23115
46338
23138
6044
23147
23160
23243
23247
23249
6008
23297
23324
23330
46312
23372
6005
23422
5999
49026
23444
5960
49031
5945
23486
5928
23505
23508
7118
49036
5927
7137
23552
23566
23575
23580
46269
5892
23639
23649
5867
46260
23696
23710
46256
23718
23729
23735
23741
7172
23785
23802
23818
23819
23820
23887
49047
5792
5788
23933
23941
23954
23955
23965
23975
23985
49053
5770
24045
24060
49055
5768
24118
5763
24141
24182
24208
24236
24265
49062
49063
24276
24278
49065
24298
7227
24316
24340
24347
46158
24369
24404
24407
7231
46148
5735
24457
46143
24473
24483
46138
46137
5727
24498
24504
5720
5705
5693
24523
24541
24549
24594
5685
49079
24621
24627
24648
5666
24675
24695
24705
24739
24744
24763
24792
5646
24796
24808
24818
5612
5611
5608
24885
24899
24903
49087
5576
5571
49092
5569
24963
5553
46049
7335
46046
5541
24986
24993
25051
25070
25072
5517
25075
25114
25124
7347
5497
25148
49103
46015
5481
5476
25225
25227
25240
5471
25270
5460
25363
25366
25368
25370
5400
25375
25378
49114
5394
25414
25423
45966
5368
25478
45959
5347
25523
5322
49127
25527
25554
25558
25570
5293
25602
25612
45932
45930
25649
5260
5259
45918
5253
5237
49145
25736
25779
25815
25816
25824
25831
25834
25836
5161
5159
25897
25902
25948
25956
5142
7471
25981
25982
5133
5124
5123
26035
26036
26040
26083
26094
26116
49165
5082
26129
49169
26173
45842
45839
49173
26245
26258
5024
49179
26286
49180
4969
26309
26316
48808
4965
26329
4958
26347
26363
7505
4956
26389
45801
26424
26433
7521
26436
26440
26451
26459
26463
26491
26500
26518
4951
26581
45778
4945
7549
7552
26600
4931
4918
26678
26683
4906
26711
26722
45757
26744
26755
26757
26763
45746
26791
4886
48789
7640
26804
26858
26887
4874
4870
4851
4842
4838
26947
4829
26964
4815
4762
4756
27063
4745
4737
27081
27101
27122
27138
4734
27170
4731
27225
4728
4723
4702
4697
27284
7682
45669
27295
4679
27328
27341
4668
27348
4664
27425
48776
27431
27441
4663
27444
27453
4656
49238
27470
4640
7727
27482
4632
27498
27507
27523
4624
4619
4618
4613
27608
49251
27635
7770
49252
27647
4571
4557
4551
27699
4535
27703
27708
4533
45590
45586
27766
27779
27844
4497
27901
27905
27930
45562
27931
27934
4493
27949
27957
45552
27991
7835
49271
45542
45541
28031
28035
4467
28049
28063
28111
28146
28166
45518
28193
4431
28224
45502
4429
28301
28306
4409
28321
4399
28365
28366
28438
7860
28444
4370
4348
28472
28481
28509
7863
28566
28598
4311
28634
28655
4287
28669
28706
45431
28743
28753
28778
28783
28805
28829
28833
28843
7886
28856
28869
28895
49305
28911
4244
45397
28970
29010
29011
7912
45387
4230
29058
4226
29107
29109
49312
45374
29123
4214
49316
29186
4190
29219
29224
4189
4185
29279
4173
29297
49322
4162
4158
49327
29401
4154
49329
4146
29453
29478
29483
29517
29531
29532
4122
45312
29548
45307
4114
29585
29605
45298
29621
4102
45295
29650
29663
4096
29730
4040
4038
4037
49350
29847
4031
4024
29876
7991
4015
29927
4009
29938
4005
8009
29956
49359
29969
29979
29987
3982
30014
30017
30025
30034
8052
49367
30046
30069
30078
30080
30083
3968
3930
30118
30119
30151
45199
3915
49375
30193
30197
3914
3905
30295
30307
30318
45175
30393
30440
3883
30460
3877
30491
30502
45158
3871
30552
30554
48710
30567
30573
30584
30604
30607
49387
30644
30659
30672
3868
3861
45134
30711
30722
49392
45125
30744
3831
3825
45117
30791
30831
30834
3811
30838
3805
30860
30864
45100
30873
30880
30891
30892
30895
45087
45084
30944
30965
8193
31009
8204
31039
31048
3704
31069
31073
3694
31096
3683
8228
45049
3679
31108
31125
3657
31170
49422
45027
8285
31226
31230
3636
31275
49426
31287
3605
3582
31385
31405
31441
44998
3559
3552
44992
3528
31503
31539
31564
31586
31654
3510
31686
3493
44964
31688
31698
3486
8354
3476
44959
8361
31771
44954
49453
3466
44948
44947
31818
31831
31839
31876
31880
8414
31882
31887
44932
31898
3447
3440
31928
31948
31957
8442
31961
31972
31974
31986
44912
32003
3417
3415
3374
3372
3369
49468
32170
32190
3334
32249
32284
44875
32329
44871
32369
32370
32372
3320
32379
32385
32453
44853
32504
3248
32574
32586
3234
32633
3231
32655
44825
32657
32658
32671
3225
32679
32683
32705
32748
32777
32789
49487
3208
32815
3197
32859
49492
32881
32895
32897
32926
3192
32935
3174
32960
32976
32981
3140
32985
3127
33022
33026
33028
33034
3121
3102
3100
33134
33145
3091
3082
33242
33243
3071
3055
44725
44724
3035
33333
33335
33339
44715
33355
3029
33418
33421
33422
33439
2996
33459
33476
2981
8558
33490
33513
33539
2954
2951
2945
33604
2937
33632
33657
33678
33716
33723
2915
33744
33756
49531
33830
33836
33875
33879
2891
33928
2883
33934
49538
33969
33971
33981
34017
34034
34059
34096
2858
34101
34104
44608
44607
34132
2828
49546
34179
34191
34201
2810
2808
49551
34217
34239
44584
44583
34274
34306
8668
2779
34312
34315
34318
34325
44564
34405
34408
2739
2734
44552
34447
34458
8718
34468
34469
34472
34520
34532
34556
34562
2703
34577
34595
2697
2669
34634
34671
2655
8762
2654
34721
34735
2641
34739
2639
34747
34757
34766
2628
44495
34797
2626
34811
34820
2591
34852
34880
34893
34901
34920
2582
2579
8793
2544
2523
35006
8796
35022
2497
2480
2465
8805
35102
35104
49601
44437
35126
2460
2451
35136
49605
35152
2434
35162
35176
44426
2432
2424
35202
35216
35230
35236
35241
35251
2422
35291
35310
35319
2410
35333
35350
35352
2409
48594
2400
8852
35376
35381
35436
44381
2389
35478
44378
2384
2379
35502
44371
35522
2378
2368
44366
35572
35590
2347
8875
2316
44352
2313
8891
35655
8901
2312
35667
2298
35716
49632
35725
35727
2296
35742
8915
35774
35804
35824
2279
35896
44310
8932
44308
35908
2257
2247
35954
2245
2243
35983
2242
36003
2240
36014
49647
36055
36078
2206
36092
2202
36096
36097
36134
2181
2178
2177
2166
36173
2156
44259
2151
36180
36194
36218
8954
2143
2137
36295
36297
36315
36349
36358
36373
36375
36376
2093
36381
36387
36389
2089
2073
36398
44218
36399
36415
2050
2045
36455
36456
2036
36566
2006
36583
36585
2000
36597
44178
1981
36663
36665
36680
36714
36728
36763
36785
36793
1955
44153
1950
44149
36843
44147
36846
9051
1949
44141
1904
1899
1898
36898
36906
36907
36926
36928
36929
36962
36975
36984
44121
37002
1893
37010
1891
37047
37060
37089
1863
9103
44106
37112
37126
48550
37136
44099
49706
37150
37161
37182
9143
1815
37226
37229
37234
1812
49713
1792
1790
37283
37291
44064
1782
37325
37330
44055
37335
37351
37362
1767
1766
1752
37406
44036
1741
1730
37461
37478
44027
9207
1728
9226
37490
44024
37506
37509
37510
37511
37539
9237
37615
37625
37631
37650
37653
37673
37681
1720
1714
1711
37737
43982
1694
37758
37783
1635
37788
1623
43973
37802
43970
37849
37856
43962
37860
37882
37916
1583
1554
38013
38018
38021
1546
43928
38056
43923
38067
9356
38068
1540
43916
1519
1518
38148
38167
38169
1490
38215
38231
9394
38236
9414
38237
38249
1486
38259
9438
38261
38287
1466
38355
38388
38398
38405
9450
1463
1439
1436
49774
49776
38457
43864
1425
38487
1422
38497
38509
38519
38535
38544
38557
43849
1399
38560
1386
38575
43838
1370
9483
1367
38606
38609
38633
38657
38666
38718
38734
49790
1355
1349
43804
38856
38861
1332
38879
38910
38933
38947
39020
9537
9543
39030
39032
1294
39044
39067
1269
1266
1262
39114
49808
39118
39134
39146
9561
39152
1237
1219
48479
39189
39219
1218
39243
49814
39260
43731
39261
39269
1211
1206
1200
39320
39349
39359
39370
43710
39379
39395
1191
1174
1151
39508
9638
1150
39531
49826
39570
43688
1147
39633
1113
49832
1104
39659
39678
9643
39711
39720
39728
1091
9648
1079
9661
39779
39780
39784
1074
39828
39834
39837
39840
1066
1040
1032
49847
1030
39897
39903
1025
39929
39960
39986
39990
43622
40007
995
40033
9695
40042
40059
43609
40070
40086
955
40107
40112
40121
40127
40135
9728
40143
948
40168
40169
43588
40219
9740
40223
935
9753
43581
40230
9764
9778
40272
40278
40288
40289
43571
923
906
40316
40329
40336
40351
40352
40369
40378
9812
905
40397
9816
40401
40408
43551
889
40431
40438
43547
43546
40446
40484
40486
43532
40516
40529
826
816
40588
49874
40620
40643
40644
40680
9863
40681
739
40711
40721
49880
702
40805
40817
40819
40849
690
48429
40872
688
9878
40888
40898
40906
49893
40968
40975
41015
41016
657
41018
41019
639
43442
43441
41062
41083
41139
41142
41164
632
41173
49904
41249
610
43415
566
41333
41337
49910
41358
41376
542
541
49914
538
41529
41554
41557
41589
41619
41624
41636
41637
41646
41662
43364
41683
529
41705
41731
41749
49919
41762
41764
10016
41770
49921
41786
10020
10023
41793
43340
43338
509
41823
499
492
41875
467
41907
41918
453
41935
41938
442
41948
433
424
41991
41998
398
42017
42030
42104
42113
42130
42138
365
10106
42173
43281
353
42186
42212
42224
323
42268
316
311
42285
42292
42310
306
10121
42353
42358
42359
42363
301
42377
42381
282
43237
271
259
42437
43231
42460
222
42586
204
42631
42632
10176
49969
199
49971
191
42677
177
42705
42716
42742
42753
163
42787
42815
152
42858
42878
133
43173
42908
119
43169
42926
42927
42950
49989
50
49
42986
48
10264
38
22
10275
43023
49997
43090
43105
11
10305
43118
10292
10335
10349
10382
48350
10400
10406
10408
10435
10437
10214
10450
48333
10475
10529
10541
10543
48318
10601
10155
10604
48312
10617
10630
10634
10676
48299
10698
10710
10736
10738
48285
10783
10834
48272
10888
10900
10034
10912
10915
10951
48250
9998
10976
10977
10990
11007
11008
11028
11073
11076
11101
48229
11137
48222
48221
9927
11171
11183
11207
48208
11210
11213
11223
11231
11233
11237
11248
11275
11276
48433
11302
11314
11402
48161
48160
11477
11516
11520
11562
11569
11573
11604
11612
11622
9737
11661
9729
11667
11686
11692
9713
48121
11715
11716
11729
11775
11801
11808
11820
48091
9653
11846
11850
11852
11857
11895
11923
48471
11931
11939
11996
12003
12064
48050
12082
12104
12129
12163
12188
12243
12245
12257
9516
12297
48017
48011
12347
48007
12395
12423
12455
9454
12461
47983
12508
12520
47976
12531
12542
12543
12555
47968
12562
47964
47963
12580
12582
12624
12639
12688
12702
12752
12755
12781
47938
12792
12799
12836
12846
12859
47927
47925
12872
12873
12877
12906
47914
47910
12945
47908
13000
13007
13045
13058
13088
13109
13127
13129
47886
13145
13152
9156
13194
47875
13228
9122
13234
9112
13250
13255
13283
13305
13344
13387
13473
13476
13480
13497
13541
9045
13547
47834
13594
13643
13670
47807
13715
13741
47799
13748
13749
47794
13775
47788
13796
47776
13902
13977
13984
13993
14006
47751
14021
47745
14029
14047
14075
8862
14109
14193
47718
14247
14258
14268
14281
14322
14336
14362
14397
47687
14420
8801
14449
8795
14508
14545
14566
47661
14596
14617
14625
14646
14672
14693
47642
14713
14730
14747
14770
14779
14796
14802
14806
14809
48628
14834
14840
14844
8643
14892
47604
14985
15036
15067
15120
15141
15173
15199
15231
15235
15253
8542
15259
8531
47560
15302
15320
15382
15383
8504
15390
15474
8497
8491
8484
15522
15552
47517
15658
15680
48664
8453
15696
15697
47496
15797
15855
15862
15866
15873
15877
15885
47460
15946
15950
8392
15957
47448
15959
15985
16029
16052
47426
16106
47416
16142
16145
16147
47410
47409
16187
16236
8206
16240
8196
16247
16264
16274
16298
16334
16335
8165
16370
16403
16421
16476
47357
16542
16571
16580
16611
16660
8080
16680
47325
48719
16690
16701
16715
16722
16724
16749
16770
7995
47307
16784
16817
16822
16823
16882
16910
16955
16961
16997
17038
7923
17062
17081
17155
17178
17200
47242
7891
17208
17240
17266
17293
17447
17468
17482
17501
17534
47203
47201
17562
17597
17632
17655
17722
17724
17784
17811
17843
17845
17854
17887
17914
47146
17942
17949
47139
17987
17994
47132
18038
18061
47121
18080
18122
18132
18147
48785
18193
18196
18229
18244
18246
7622
18249
18251
18274
7599
18293
7556
18309
18320
18334
18344
18365
18433
18473
18477
18501
18507
18515
18577
18586
47035
18652
47025
47021
18698
7458
18776
47012
18786
18804
7423
18901
18950
18961
18970
7371
18977
19097
19113
19118
19131
19135
19168
46946
7330
7311
19276
46941
19313
19327
19349
19386
19431
19508
7243
46914
46909
19565
19645
19663
19726
19736
7220
19738
7203
46883
19771
19776
19778
19839
19920
19937
19980
20005
20007
46838
20014
20033
20038
20056
20057
20084
46822
20095
20100
20147
20205
20207
20212
20263
20264
20269
20335
20361
20371
20383
46770
20386
20464
20487
20513
20536
20542
20581
20604
20615
20691
6967
20735
6962
20745
20768
20828
20834
20878
20896
20925
6872
20935
20953
20965
20979
21006
21014
21016
21032
21091
21093
6799
21150
21178
6796
21181
46653
21224
21265
21285
21365
21430
21435
21481
21486
46594
21593
6681
21623
21626
21656
21657
21710
21749
6645
6636
46561
21806
6602
21811
21825
21830
21842
21852
21853
21858
21859
21868
21885
21891
21909
21910
21919
21936
21952
22000
22030
22050
22051
22080
22085
22108
22144
46495
22151
22165
22246
22250
22267
22299
22317
46466
22324
22334
22342
22355
22400
22409
6327
22422
46444
22462
6273
22485
22514
22526
22536
22578
22584
46413
22708
22742
22753
22756
22797
22833
22841
22905
22906
6134
6125
22925
6110
22933
22969
22995
23025
23076
23099
23136
23143
23155
23174
23222
23257
23263
23385
23423
46302
5991
46294
5957
23457
46292
23459
23464
23480
46285
23517
23519
23545
23625
23635
23658
5877
23683
23686
23747
23813
23904
5822
23914
23926
23937
23944
24018
24026
46197
24107
24113
46192
24142
24165
24166
46172
46171
46170
24294
24342
24378
24425
46145
24468
24488
5723
24507
24518
46128
24598
24610
5674
24611
24650
24783
46087
46083
24835
24849
24864
24911
5581
24915
5573
46055
24954
46052
24964
46047
24981
25013
25024
25073
25088
25099
25145
25156
25170
25199
25207
25247
25295
25307
25344
25352
25367
25371
25382
25383
25444
25465
45961
5366
5360
25489
25492
25520
5329
25524
5309
25525
25560
25566
25594
49131
25605
25608
25642
5269
25664
25667
25676
49139
5255
25691
25709
25716
5197
25728
25802
25812
25820
25859
25869
25875
25881
25973
25977
25998
5127
26005
26012
5121
26016
26037
26042
26087
26097
45853
26117
26119
26133
26144
26181
45840
5060
26210
26213
26237
26270
5003
4991
26275
26297
26303
26306
26314
26317
26341
26364
26381
26522
26599
26642
45766
26661
26668
26706
26746
26752
26786
26796
26902
26911
26919
26920
26921
26924
26929
45719
26960
26967
27003
45703
27029
27050
4757
27052
27076
27078
45693
27113
27158
27217
4730
27237
27248
4704
27250
27264
27281
27286
27306
27325
4671
27327
27347
27371
27443
45647
27455
27460
27473
27488
27525
27527
27532
27540
45626
27555
45623
27566
27572
27573
27618
27642
27665
27672
27680
27687
27700
27712
27717
45593
27740
27759
27800
4504
45577
45575
27869
27941
27951
27995
28010
28041
28092
28150
28175
45508
45507
28297
4425
28305
28312
28315
28316
45485
28364
28403
28424
28456
4356
28466
28480
45463
4333
28563
28622
28628
45441
4301
28666
28701
28748
28794
28819
28826
28904
28917
28922
28962
28997
29015
29078
29114
29118
29149
29158
29185
29202
45357
45356
29271
29289
29305
29313
29328
29333
29379
29385
29405
29415
29430
29436
29500
29533
29537
29573
29595
29610
4103
29637
29670
29681
4092
29711
29735
4075
29768
29789
29814
29826
29839
29850
29852
45266
29893
29915
29923
29937
45249
29959
29961
29966
49362
29972
3988
29993
3978
30043
30086
3944
30098
30099
30149
30153
30159
30184
30242
30274
45189
30284
30384
3884
30444
30447
30490
30520
30529
30612
30682
30701
30712
30714
30730
45126
30772
3826
30774
45118
30809
45108
30846
30882
3791
30885
30912
30915
30977
31020
45073
31030
45064
31058
31062
45054
31097
31105
45043
31119
31127
31131
31166
31182
31205
31216
31236
31238
31276
31281
3618
31311
31358
31360
3596
31372
49434
3578
45006
31380
31409
31465
31480
31489
31490
31507
31579
49445
31637
31667
31679
31687
31701
31711
31726
31777
31804
31833
3461
31918
44922
31944
32014
32034
32046
32053
32123
32136
32143
32145
32154
32196
32201
44882
32355
3323
32376
32420
32446
32455
32531
44843
32573
32611
32635
44821
32674
32702
3210
32804
32805
32834
32837
32849
32879
32932
32938
32943
32950
44775
44773
3131
33020
33082
33102
33105
33115
3096
33141
44747
33188
44740
33248
33268
44728
33311
33329
33349
33383
2998
33386
33440
33480
33481
2961
44686
2952
33562
33566
33624
33695
33710
33729
33811
2912
33858
2899
33905
33917
44634
33950
34087
44611
34123
34130
2839
34172
2817
34173
34205
34206
2803
34213
34214
44578
34307
34321
34333
44565
34385
44560
34417
2744
2741
34430
34440
34495
34542
34554
34568
34573
34610
34611
34666
34684
34708
34709
2653
34737
44506
34778
34799
44492
34815
34819
34850
34894
34928
34932
34941
34943
34945
44467
2539
34956
34967
35010
35053
35066
35069
35087
35096
35109
35110
35129
2454
35134
35146
35157
35178
35191
35282
35313
35321
35363
35367
35374
44390
35398
35473
35487
35492
35495
35527
2372
35529
35533
35581
35597
35615
35651
35659
35676
44339
44334
35730
35740
35757
35835
44307
35921
35935
35940
35952
35972
35981
35999
44290
36009
36025
36032
36063
2211
44279
36095
2198
36156
44267
44266
36159
36171
36177
2153
36178
36253
36261
36288
44241
36319
36346
36347
44227
36390
49671
2079
36391
44215
36420
36425
44212
36489
36512
44200
36578
2008
36579
44186
36596
36637
36658
36748
36757
36803
36817
36853
36870
36874
36884
36889
36896
36982
37006
37028
1877
37090
37093
37099
44103
37146
37169
1827
37181
37194
37239
37249
37256
37258
37261
37265
37269
44062
37316
44057
37334
37367
37378
44044
37403
37405
37435
37445
1734
37455
44026
37520
37634
37690
37724
37725
37733
43986
37757
37780
37786
1627
37798
37811
37890
37900
37909
37910
43952
1592
43951
37943
37968
37973
1563
1560
37983
37999
43931
38054
38087
1534
38117
38126
1503
43904
38253
38262
38325
38408
38410
38428
38429
38431
38439
38450
38468
38488
1419
1416
38506
1407
38559
38565
38582
38602
43836
38630
43828
38754
38759
38792
38795
38864
38866
43794
38923
38930
38968
39019
39043
39075
43767
43766
39095
43761
39115
39116
39166
39173
39178
39182
39220
39251
39275
39276
39294
39331
39353
39405
39431
49822
43698
39499
39516
39538
43687
39617
39642
1112
39651
39655
43676
39690
43668
39737
39768
43656
49839
39791
39851
39852
39860
39868
39870
43639
39892
39895
39907
39937
40008
43615
40037
40090
40145
43582
928
40229
40311
40315
40380
40415
872
870
40480
43537
40503
40528
43524
40532
40537
813
40578
40616
793
776
40651
40672
40707
40730
40742
40744
40752
40772
40785
40798
692
40867
43470
40886
40912
40920
40943
41008
41010
41017
41051
41053
41143
43426
43424
41174
41178
41247
613
43416
591
41258
41277
41354
41385
41413
41456
41479
41487
41631
43361
527
43351
41771
41777
43342
49923
41803
41844
43330
41867
41877
41908
41922
451
43318
43315
41958
41973
41987
41995
407
42006
43302
42009
42073
42167
42174
42200
43269
337
42265
42266
42269
42279
42282
42320
42360
42373
295
42393
42396
42412
42429
255
42453
42469
42506
42553
210
42591
42620
42635
42636
42661
42662
42674
184
42682
171
42703
42763
42778
42828
43182
42897
43170
101
42939
42940
43162
42954
42972
42978
42983
42987
43151
43149
43002
43025
43078
43115
49999
