2148
625
4480
4178
3805
987
1024
1243
2514
2298
4430
2925
5704
3493
1031
1262
3157
990
4672
127
1573
3004
2991
4628
1278
2968
632
5348
2929
4201
5345
1799
5339
4610
4604
2908
5624
4211
379
2752
4924
2734
4545
2731
5178
1707
1095
1091
357
2651
238
3050
3530
2027
695
2623
5863
5104
4855
1406
2603
5092
1228
3857
4336
1645
1063
5913
3665
2407
3820
4996
4994
4434
841
2516
2510
4413
4121
335
1572
2205
3079
609
1568
795
1232
1769
3068
5489
3093
3065
3104
4132
3063
3062
5496
3783
889
4134
1576
4656
5502
3057
5455
793
597
5453
274
3114
5510
408
3123
3046
888
991
5445
4090
1250
4649
3128
135
5522
5523
3133
799
1218
1787
1580
4141
3028
1260
792
4643
1759
3143
2224
5537
5538
1790
5540
1559
3149
5543
4640
2227
2175
2173
106
3158
4150
2171
5414
5553
5554
1269
2169
2230
3171
411
894
2167
804
5400
4077
1272
2242
2979
2976
5395
3181
4708
1280
2972
1744
2155
1796
2153
5374
3210
5580
1200
5582
1288
2957
5585
2955
4719
2150
998
4720
5591
634
635
4063
3221
1192
417
2945
2944
4195
782
4724
935
3232
2142
4200
576
1298
2137
5344
2260
885
2924
3254
4051
3257
5334
778
4605
5620
573
3266
2124
978
640
5320
4207
3271
1732
4041
5314
5632
4040
2892
3283
4212
3285
4599
2887
2885
4213
1168
421
2868
3287
3288
656
5301
898
1729
3292
5298
3301
4222
3302
3305
86
422
2287
2853
5288
4747
1607
3313
2109
5666
5278
1728
160
423
285
5672
3326
2843
1157
662
4583
424
5679
5269
1324
2835
3333
3334
4010
2293
976
1146
4763
2104
3339
4232
562
2303
4003
5696
767
2810
5699
560
766
5702
290
1828
2803
557
3361
1141
2797
4236
672
2790
900
4242
3998
5716
3366
2783
4563
5720
1337
4773
1535
2779
3375
5232
3995
5229
1533
4786
63
2087
3407
2772
3411
60
1615
2329
2765
2084
1126
1531
59
3418
2333
370
4552
2755
3420
534
2751
3976
1361
4259
681
2740
5757
2739
5759
2737
295
3432
1529
1844
5765
5766
5196
2729
3965
5770
3442
2341
901
4267
4269
3445
2347
4538
2718
1624
4802
5185
3958
527
5785
5172
302
686
1367
2057
4527
2701
3944
5794
2697
46
827
1369
1710
3927
1630
2044
1868
4289
5805
1101
5807
5808
525
4516
1373
2678
4515
1096
5815
3897
1634
5818
1878
40
3503
3507
5823
4295
1093
1027
5827
2663
4838
3892
2662
2655
5140
3522
2031
1635
1388
2363
3886
920
5124
1886
5843
5122
516
2368
1639
1088
1391
2012
2626
1393
4316
2371
2011
755
4849
235
5859
5860
346
5862
3555
1888
2010
3570
4327
3572
4490
2601
3573
2599
3574
1412
1900
5082
5081
2595
507
30
3855
3593
2387
1073
4863
4334
707
5072
5069
3849
850
5062
1071
1069
3608
3612
2402
342
4339
4342
3619
1646
5903
1419
3623
4874
5047
4465
3837
3629
5042
3642
1421
713
4462
2558
4460
2556
5919
2554
1913
457
1987
5924
4459
5926
3828
5031
3662
4453
5931
1435
4451
1437
1984
2547
4449
1683
1981
1441
458
4358
4999
4895
720
4896
2414
912
3693
486
839
483
4433
3708
3711
4975
1959
4903
1487
3728
4966
4962
4958
1662
4909
4956
1041
1663
4382
5970
950
1483
3747
725
1482
2483
468
1038
4389
4390
729
3766
2436
1034
4933
5986
2475
4394
1930
2443
4397
4929
3778
4920
1029
1480
4411
332
4108
